3788
54141
1211
9016
55621
4819
62657
47193
19568
28863
3724
28191
38666
9328
48149
44947
18736
13173
30528
14021
57698
25749
5309
57975
55904
44024
56223
2843
17003
30031
45884
57842
53666
43847
45525
19055
40088
24700
6234
30812
20504
10303
54539
37512
47129
59856
9035
3196
49001
59535
14608
37067
57088
44198
7348
6142
14902
5459
7288
9499
53368
38092
60497
34976
61548
45022
18319
7283
20407
48734
18480
44626
45476
62525
2575
16500
19668
17316
43432
49963
11616
50367
64483
1360
27817
61139
30543
62646
62546
51021
12164
49364
28421
23738
26828
50982
22834
62684
59700
32709
52743
29713
41409
52597
41028
56018
55876
58364
25644
29586
56060
35574
8911
64520
7291
7607
21981
60964
32124
50666
14430
20184
46307
44431
24232
19353
6296
35519
38136
21951
7684
16894
28472
6137
16867
10580
46422
17157
56089
14354
43944
21546
10485
5706
7765
14597
60244
64352
27700
38155
